1 7 2 
4 5 6 
8 3 9 
+++++++++++
1 7 2 
4 5 6 
9 3 8 
+++++++++++
1 7 2 
4 5 8 
6 3 9 
+++++++++++
1 7 2 
4 5 8 
9 3 6 
+++++++++++
1 7 2 
4 5 9 
6 3 8 
+++++++++++
1 7 2 
4 5 9 
8 3 6 
+++++++++++
1 7 2 
6 5 4 
8 3 9 
+++++++++++
1 7 2 
6 5 4 
9 3 8 
+++++++++++
1 7 2 
6 5 8 
4 3 9 
+++++++++++
1 7 2 
6 5 8 
9 3 4 
+++++++++++
1 7 2 
6 5 9 
4 3 8 
+++++++++++
1 7 2 
6 5 9 
8 3 4 
+++++++++++
1 7 2 
8 5 4 
6 3 9 
+++++++++++
1 7 2 
8 5 4 
9 3 6 
+++++++++++
1 7 2 
8 5 6 
4 3 9 
+++++++++++
1 7 2 
8 5 6 
9 3 4 
+++++++++++
1 7 2 
8 5 9 
4 3 6 
+++++++++++
1 7 2 
8 5 9 
6 3 4 
+++++++++++
1 7 2 
9 5 4 
6 3 8 
+++++++++++
1 7 2 
9 5 4 
8 3 6 
+++++++++++
1 7 2 
9 5 6 
4 3 8 
+++++++++++
1 7 2 
9 5 6 
8 3 4 
+++++++++++
1 7 2 
9 5 8 
4 3 6 
+++++++++++
1 7 2 
9 5 8 
6 3 4 
+++++++++++
4 7 2 
1 5 6 
8 3 9 
+++++++++++
4 7 2 
1 5 6 
9 3 8 
+++++++++++
4 7 2 
1 5 8 
6 3 9 
+++++++++++
4 7 2 
1 5 8 
9 3 6 
+++++++++++
4 7 2 
1 5 9 
6 3 8 
+++++++++++
4 7 2 
1 5 9 
8 3 6 
+++++++++++
4 7 2 
6 5 1 
8 3 9 
+++++++++++
4 7 2 
6 5 1 
9 3 8 
+++++++++++
4 7 2 
6 5 8 
1 3 9 
+++++++++++
4 7 2 
6 5 8 
9 3 1 
+++++++++++
4 7 2 
6 5 9 
1 3 8 
+++++++++++
4 7 2 
6 5 9 
8 3 1 
+++++++++++
4 7 2 
8 5 1 
6 3 9 
+++++++++++
4 7 2 
8 5 1 
9 3 6 
+++++++++++
4 7 2 
8 5 6 
1 3 9 
+++++++++++
4 7 2 
8 5 6 
9 3 1 
+++++++++++
4 7 2 
8 5 9 
1 3 6 
+++++++++++
4 7 2 
8 5 9 
6 3 1 
+++++++++++
4 7 2 
9 5 1 
6 3 8 
+++++++++++
4 7 2 
9 5 1 
8 3 6 
+++++++++++
4 7 2 
9 5 6 
1 3 8 
+++++++++++
4 7 2 
9 5 6 
8 3 1 
+++++++++++
4 7 2 
9 5 8 
1 3 6 
+++++++++++
4 7 2 
9 5 8 
6 3 1 
+++++++++++
6 7 2 
1 5 4 
8 3 9 
+++++++++++
6 7 2 
1 5 4 
9 3 8 
+++++++++++
6 7 2 
1 5 8 
4 3 9 
+++++++++++
6 7 2 
1 5 8 
9 3 4 
+++++++++++
6 7 2 
1 5 9 
4 3 8 
+++++++++++
6 7 2 
1 5 9 
8 3 4 
+++++++++++
6 7 2 
4 5 1 
8 3 9 
+++++++++++
6 7 2 
4 5 1 
9 3 8 
+++++++++++
6 7 2 
4 5 8 
1 3 9 
+++++++++++
6 7 2 
4 5 8 
9 3 1 
+++++++++++
6 7 2 
4 5 9 
1 3 8 
+++++++++++
6 7 2 
4 5 9 
8 3 1 
+++++++++++
6 7 2 
8 5 1 
4 3 9 
+++++++++++
6 7 2 
8 5 1 
9 3 4 
+++++++++++
6 7 2 
8 5 4 
1 3 9 
+++++++++++
6 7 2 
8 5 4 
9 3 1 
+++++++++++
6 7 2 
8 5 9 
1 3 4 
+++++++++++
6 7 2 
8 5 9 
4 3 1 
+++++++++++
6 7 2 
9 5 1 
4 3 8 
+++++++++++
6 7 2 
9 5 1 
8 3 4 
+++++++++++
6 7 2 
9 5 4 
1 3 8 
+++++++++++
6 7 2 
9 5 4 
8 3 1 
+++++++++++
6 7 2 
9 5 8 
1 3 4 
+++++++++++
6 7 2 
9 5 8 
4 3 1 
+++++++++++
8 7 2 
1 5 4 
6 3 9 
+++++++++++
8 7 2 
1 5 4 
9 3 6 
+++++++++++
8 7 2 
1 5 6 
4 3 9 
+++++++++++
8 7 2 
1 5 6 
9 3 4 
+++++++++++
8 7 2 
1 5 9 
4 3 6 
+++++++++++
8 7 2 
1 5 9 
6 3 4 
+++++++++++
8 7 2 
4 5 1 
6 3 9 
+++++++++++
8 7 2 
4 5 1 
9 3 6 
+++++++++++
8 7 2 
4 5 6 
1 3 9 
+++++++++++
8 7 2 
4 5 6 
9 3 1 
+++++++++++
8 7 2 
4 5 9 
1 3 6 
+++++++++++
8 7 2 
4 5 9 
6 3 1 
+++++++++++
8 7 2 
6 5 1 
4 3 9 
+++++++++++
8 7 2 
6 5 1 
9 3 4 
+++++++++++
8 7 2 
6 5 4 
1 3 9 
+++++++++++
8 7 2 
6 5 4 
9 3 1 
+++++++++++
8 7 2 
6 5 9 
1 3 4 
+++++++++++
8 7 2 
6 5 9 
4 3 1 
+++++++++++
8 7 2 
9 5 1 
4 3 6 
+++++++++++
8 7 2 
9 5 1 
6 3 4 
+++++++++++
8 7 2 
9 5 4 
1 3 6 
+++++++++++
8 7 2 
9 5 4 
6 3 1 
+++++++++++
8 7 2 
9 5 6 
1 3 4 
+++++++++++
8 7 2 
9 5 6 
4 3 1 
+++++++++++
9 7 2 
1 5 4 
6 3 8 
+++++++++++
9 7 2 
1 5 4 
8 3 6 
+++++++++++
9 7 2 
1 5 6 
4 3 8 
+++++++++++
9 7 2 
1 5 6 
8 3 4 
+++++++++++
9 7 2 
1 5 8 
4 3 6 
+++++++++++
9 7 2 
1 5 8 
6 3 4 
+++++++++++
9 7 2 
4 5 1 
6 3 8 
+++++++++++
9 7 2 
4 5 1 
8 3 6 
+++++++++++
9 7 2 
4 5 6 
1 3 8 
+++++++++++
9 7 2 
4 5 6 
8 3 1 
+++++++++++
9 7 2 
4 5 8 
1 3 6 
+++++++++++
9 7 2 
4 5 8 
6 3 1 
+++++++++++
9 7 2 
6 5 1 
4 3 8 
+++++++++++
9 7 2 
6 5 1 
8 3 4 
+++++++++++
9 7 2 
6 5 4 
1 3 8 
+++++++++++
9 7 2 
6 5 4 
8 3 1 
+++++++++++
9 7 2 
6 5 8 
1 3 4 
+++++++++++
9 7 2 
6 5 8 
4 3 1 
+++++++++++
9 7 2 
8 5 1 
4 3 6 
+++++++++++
9 7 2 
8 5 1 
6 3 4 
+++++++++++
9 7 2 
8 5 4 
1 3 6 
+++++++++++
9 7 2 
8 5 4 
6 3 1 
+++++++++++
9 7 2 
8 5 6 
1 3 4 
+++++++++++
9 7 2 
8 5 6 
4 3 1 
+++++++++++
6 7 2 
1 5 9 
8 3 4 
