3
23 10 191
20 3
4 6
7 10
9 7
8 9
19 10
21 2
13 3
16 1
16 2
14 1
8 3
9 4
23 1
19 5
11 10
23 3
8 7
4 1
15 9
17 3
20 8
23 10
22 5
5 10
15 5
9 3
21 1
11 4
8 6
13 2
8 2
17 2
16 8
16 6
20 4
1 9
13 10
14 2
10 7
10 9
11 2
9 6
23 9
12 1
2 6
2 1
1 5
18 9
18 4
5 7
7 4
16 5
17 1
22 3
18 2
23 4
7 7
6 10
9 8
10 3
13 4
6 7
10 1
15 7
6 6
19 7
17 9
14 9
21 3
23 5
16 9
1 2
18 10
21 9
3 8
5 2
18 7
18 3
22 7
12 8
19 9
12 10
16 3
15 8
14 8
21 4
6 3
8 8
10 10
9 5
7 5
4 4
22 2
18 1
3 5
15 1
22 9
13 1
14 7
10 2
6 1
17 6
17 8
7 9
16 7
5 4
14 3
18 8
16 10
6 4
1 3
4 10
1 10
21 7
21 6
19 4
10 8
11 5
7 1
9 9
9 1
19 6
13 8
17 4
3 9
20 9
13 7
15 2
11 8
22 1
12 7
3 10
2 5
13 6
2 7
6 5
12 5
11 3
7 3
15 10
1 7
23 8
5 5
6 2
21 5
19 3
7 2
7 8
20 1
14 4
12 3
5 1
20 2
12 2
6 9
11 7
4 5
12 6
5 3
14 10
23 7
2 2
17 5
11 1
12 9
8 4
15 4
3 3
20 7
5 8
8 5
9 10
10 6
22 10
4 3
14 5
5 6
2 4
20 10
2 9
3 4
11 9
20 5
3 6
12 4
21 8
23 6
14 6
19 1
16 4
19 10 28
2 2
16 1
15 1
7 1
9 6
10 9
2 7
16 10
16 7
9 2
9 3
7 9
10 7
9 8
10 3
13 10
9 5
10 2
15 8
6 1
4 10
18 7
9 4
5 3
18 10
12 6
6 6
14 5
94 8 713
4 8
61 2
16 1
73 3
86 8
11 8
89 7
8 8
31 1
36 1
55 2
34 8
8 6
91 5
55 8
22 7
65 4
78 8
57 3
5 5
10 8
51 4
9 1
78 5
23 7
38 3
75 3
2 5
27 5
63 8
93 8
78 2
26 8
23 3
74 2
91 8
83 6
44 8
31 2
67 6
51 7
68 2
49 1
20 5
33 2
91 3
86 4
89 1
59 8
4 2
85 7
7 1
79 8
40 7
79 1
60 3
63 1
7 6
38 8
46 1
86 3
85 2
46 4
69 3
39 5
19 6
44 1
91 4
30 1
15 8
41 6
94 2
17 2
13 3
39 6
68 3
2 1
70 7
32 7
82 8
7 8
88 6
65 8
60 7
73 8
20 8
52 7
34 2
39 4
31 8
21 3
49 2
35 7
14 5
1 4
48 1
83 5
19 8
22 3
12 6
75 2
88 7
5 4
33 6
78 4
92 3
91 7
55 4
6 1
94 1
30 5
85 5
83 1
9 5
80 3
87 6
31 5
43 1
61 7
76 2
21 8
6 2
29 2
39 7
93 6
30 7
93 1
74 5
69 6
5 1
19 3
48 7
51 2
52 5
90 1
42 7
17 3
75 4
47 2
60 1
64 4
51 5
60 6
44 3
46 7
87 5
28 2
10 3
26 5
14 4
12 4
82 2
35 3
48 4
78 7
22 1
70 4
42 2
4 6
33 4
22 4
20 1
77 8
44 6
75 6
71 8
45 6
59 3
37 7
15 6
45 8
82 4
47 5
17 1
9 3
24 2
81 8
26 4
22 5
5 2
18 4
89 6
43 7
72 5
19 2
58 8
93 2
1 5
12 7
3 7
37 3
16 3
66 1
33 3
9 4
48 8
73 1
56 5
54 1
15 4
67 2
17 5
92 6
29 6
29 7
87 1
69 4
64 8
27 7
15 2
76 3
15 5
14 1
50 3
26 1
30 8
64 1
58 6
55 3
35 1
88 5
74 4
62 7
73 4
49 8
45 5
79 6
86 6
16 8
80 8
23 6
91 2
75 8
28 4
15 1
77 7
94 5
59 2
41 2
10 4
45 3
30 2
10 6
65 1
42 1
36 5
20 7
92 8
91 6
64 5
86 1
72 4
71 7
87 4
56 4
8 5
40 8
12 2
57 1
72 3
9 6
17 8
24 7
50 6
46 2
11 6
67 4
38 7
38 5
14 2
24 5
66 8
25 1
24 3
1 7
3 6
76 1
94 7
21 6
70 6
83 8
33 1
28 6
87 3
34 5
28 5
55 5
72 1
55 1
89 5
90 4
38 1
46 6
88 3
64 7
14 6
90 2
27 6
88 8
77 4
71 5
21 7
4 5
23 4
45 7
37 8
5 3
77 5
23 1
53 4
62 5
25 8
94 8
82 3
39 3
51 8
16 5
72 6
90 3
62 1
84 8
2 2
57 4
85 4
35 6
50 8
39 8
37 5
33 7
68 1
49 7
12 1
79 3
66 5
48 3
63 7
14 3
52 6
34 7
71 3
2 4
52 4
25 4
25 2
48 6
93 4
66 2
3 5
15 3
54 8
35 4
41 4
81 3
64 6
6 3
69 1
66 7
70 2
9 7
47 4
56 1
89 2
50 7
57 5
92 2
6 4
85 8
46 5
24 8
10 5
42 5
80 5
34 4
83 2
65 2
40 5
70 3
30 6
70 8
2 3
59 4
65 6
32 1
13 1
89 3
62 2
76 8
47 3
36 4
69 8
91 1
37 4
90 6
20 3
81 5
2 6
12 5
84 7
20 2
11 3
14 7
2 7
73 2
42 3
83 4
52 1
88 1
13 8
18 3
3 4
59 7
41 5
18 5
57 6
81 4
20 4
31 3
1 8
18 1
43 4
90 5
63 2
81 2
79 2
10 2
1 2
41 1
50 4
84 1
82 5
47 6
52 8
16 2
44 4
74 1
5 8
7 3
45 1
61 8
35 2
25 5
12 8
80 2
28 1
4 4
19 7
84 5
49 6
52 2
55 6
18 7
32 6
12 3
39 2
60 5
94 3
80 1
7 5
19 1
44 7
82 1
94 6
17 7
93 3
68 7
71 4
62 8
41 8
73 6
79 7
1 1
61 1
44 5
46 3
6 8
18 6
70 1
21 5
67 3
60 4
7 4
17 4
87 7
33 5
26 6
64 3
19 4
58 3
67 8
41 3
80 7
11 2
18 8
69 5
66 6
62 3
1 6
22 6
47 1
86 7
90 8
86 2
79 4
84 2
84 3
5 7
66 4
36 6
76 4
90 7
27 2
26 2
52 3
34 3
65 3
11 5
27 1
68 8
32 4
85 3
82 7
68 4
53 5
29 1
25 6
74 6
72 8
6 6
42 4
63 3
87 8
40 6
39 1
40 3
61 3
8 7
43 8
44 2
79 5
81 1
43 3
60 8
51 3
83 3
84 6
8 2
42 6
61 5
69 7
56 6
48 5
76 6
9 2
5 6
77 6
56 2
67 5
50 2
71 6
48 2
30 3
29 4
25 7
22 8
8 1
21 2
67 1
7 2
35 5
54 4
36 7
67 7
89 4
88 4
61 6
62 6
21 1
30 4
56 7
78 6
50 1
13 5
24 4
43 2
35 8
3 2
49 3
32 2
71 2
8 4
77 1
26 7
10 1
75 7
24 1
31 4
92 1
66 3
83 7
16 7
9 8
45 4
31 6
51 6
7 7
6 7
38 2
13 6
15 7
49 5
36 8
16 4
6 5
84 4
74 8
82 6
74 7
13 2
28 3
72 2
46 8
38 6
77 3
58 1
58 5
3 3
76 5
13 4
32 3
92 7
24 6
92 5
53 3
81 6
26 3
20 6
3 8
4 7
2 8
34 6
37 2
27 8
88 2
27 4
56 3
54 5
58 7
72 7
17 6
28 8
85 1
29 8
40 1
65 7
45 2
11 7
57 7
4 3
81 7
1 3
80 6
55 7
57 8
51 1
74 3
53 7
16 6
14 8
94 4
43 5
71 1
59 6
54 7
73 7
70 5
49 4
32 5
80 4
40 2
75 5
93 5
63 5
38 4
76 7
11 4
21 4
59 1
31 7
43 6
33 8
59 5
8 3
78 3
62 4
54 3
53 2
68 5
63 6
54 6
61 4
47 7
54 2
11 1
32 8
19 5
37 1
73 5
22 2
27 3
29 3
69 2
29 5
3 1